Mean weights at Age Age:
Stock	Year	 Season 	Area	 Country	Effort	Catch Cat.	Report cat.	 Fleets	Caton	SampledCatch	NumAgeMeasurement	NumLengthMeasurements	NumSamplesAge	NumSamplesLength	UndeterminedAge0	UndeterminedAge1	UndeterminedAge2	UndeterminedAge3	UndeterminedAge4	UndeterminedAge5	UndeterminedAge6	UndeterminedAge7	UndeterminedAge8	UndeterminedAge9	UndeterminedAge10	UndeterminedAge11	UndeterminedAge12	UndeterminedAge13	UndeterminedAge14	UndeterminedAge15	UndeterminedAge16	UndeterminedAge17	UndeterminedAge18	UndeterminedAge19	UndeterminedAge20	UndeterminedAge21	
pok.27.3a46	2022	3	27.4	Germany	324813.00	Landings	R-Reported	OTB_DEF_>=120_0_0_all	865939.00	100	976	2963	19	28	0.00	0.00	923.20	809.00	1107.10	1839.50	2791.40	3232.30	4549.50	5101.00	5845.90	8349.30	8113.70	9349.00	8815.30	10574.10	13244.70	0.00	0.00	0.00	0.00	0.00	
pok.27.3a46	2022	2	27.4	Germany	526701.00	Discards	R-Reported	OTB_DEF_>=120_0_0_all	158.00	100	597	20	14	7	0.00	0.00	393.50	529.70	0.00	0.00	0.00	0.00	0.00	0.00	0.00	0.00	0.00	0.00	0.00	0.00	0.00	0.00	0.00	0.00	0.00	0.00	
pok.27.3a46	2022	1	27.6.a	France	391455.00	Landings	R-Reported	OTB_DEF_>=120_0_0	278201.60	0.00	0.00	199	0.00	5	0.00	0.00	0.00	1317.41	1754.00	2230.83	2738.03	3266.40	3807.64	4354.47	4900.62	5440.84	5970.79	6487.00	6986.74	7467.96	7929.18	0.00	0.00	9184.95	9560.08	9913.75	
pok.27.3a46	2022	4	27.3.a.20	Denmark	-9.00	Landings	R-Reported	OTB_DEF_>=120_0_0_all	1908.00	1908	466	466	12	12	0.00	0.00	738.86	912.93	1328.55	1778.22	3217.73	3516.38	4546.42	5798.33	7398.94	7959.14	0.00	13637.40	0.00	0.00	0.00	0.00	0.00	0.00	0.00	0.00	
pok.27.3a46	2022	3	27.3.a.20	Denmark	-9.00	Landings	R-Reported	OTB_DEF_>=120_0_0_all	48023.00	48023	250	250	5	5	0.00	0.00	617.82	883.23	1380.22	2581.29	3469.22	4000.46	5211.34	5865.13	6230.85	8211.74	9517.58	0.00	0.00	0.00	0.00	0.00	0.00	0.00	0.00	0.00	
pok.27.3a46	2022	4	27.3.a.20	Denmark	-9.00	Landings	R-Reported	SDN_DEF_>=120_0_0_all	24.00	24	466	466	12	12	0.00	0.00	738.86	917.19	1360.19	1865.53	3115.20	3398.62	4278.06	4966.56	0.00	0.00	0.00	0.00	0.00	0.00	0.00	0.00	0.00	0.00	0.00	0.00	
pok.27.3a46	2022	3	27.3.a.20	Denmark	9527.00	Landings	R-Reported	GNS_DEF_>=220_0_0_all	19.00	19	250	250	5	5	0.00	0.00	617.82	883.23	1221.18	1909.80	2522.55	2433.54	3589.04	3555.72	0.00	0.00	0.00	0.00	0.00	0.00	0.00	0.00	0.00	0.00	0.00	0.00	
pok.27.3a46	2022	2	27.4	Denmark	90201.00	Landings	R-Reported	OTB_CRU_70-99_0_0_all	6.00	6	347	347	8	8	0.00	0.00	0.00	1300.76	1194.40	1349.46	1576.62	1659.25	2118.20	0.00	0.00	0.00	0.00	0.00	0.00	0.00	0.00	0.00	0.00	0.00	0.00	0.00	
pok.27.3a46	2022	2	27.4	Denmark	37906.00	Landings	R-Reported	GNS_DEF_>=220_0_0_all	2.00	2	347	347	8	8	0.00	0.00	0.00	0.00	0.00	0.00	3742.98	4222.72	4231.58	4686.44	5042.03	0.00	0.00	0.00	0.00	0.00	0.00	0.00	0.00	0.00	0.00	0.00	
pok.27.3a46	2022	3	27.4	Denmark	28768.00	Landings	R-Reported	GNS_DEF_>=220_0_0_all	6.00	6	197	197	4	4	0.00	0.00	0.00	1235.77	1326.43	1519.02	1195.95	0.00	0.00	0.00	0.00	0.00	0.00	0.00	0.00	0.00	0.00	0.00	0.00	0.00	0.00	0.00	
pok.27.3a46	2022	2	27.4	Denmark	-9.00	Discards	R-Reported	OTB_DEF_>=120_0_0_all	1350.00	1350	18	50	7	7	0.00	0.00	433.04	544.07	667.71	977.66	0.00	0.00	0.00	0.00	0.00	0.00	0.00	0.00	0.00	0.00	0.00	0.00	0.00	0.00	0.00	0.00	
pok.27.3a46	2022	2022	27.6.a	UK(Scotland)	2421191.00	Discards	R-Reported	OTB_DEF_>=120_0_0_all	13311.00	13	47	85	13	13	0.00	0.00	554.00	1011.00	1031.00	1870.00	0.00	0.00	0.00	0.00	0.00	0.00	0.00	0.00	0.00	0.00	0.00	0.00	0.00	0.00	0.00	0.00	
pok.27.3a46	2022	4	27.4	Germany	297166.00	Landings	R-Reported	OTB_DEF_>=120_0_0_all	839382.00	100	515	2056	10	13	0.00	0.00	783.70	1029.50	1424.80	2015.80	3207.70	3733.10	4843.80	5601.30	6748.20	6767.20	8644.70	11674.80	0.00	0.00	0.00	0.00	0.00	0.00	0.00	0.00	
pok.27.3a46	2022	2	27.4.a	Norway	-9.00	Landings	R-Reported	OTB_DEF_>=120_0_0_all	2207683.00	0.00	0.00	0.00	0.00	0.00	0.00	0.00	805.00	1242.00	1716.00	2209.00	2734.00	3269.00	3819.00	4384.00	3920.00	5024.00	8682.00	0.00	0.00	0.00	0.00	0.00	0.00	0.00	0.00	0.00	
pok.27.3a46	2022	1	27.4	Germany	563816.00	Landings	R-Reported	OTB_DEF_>=120_0_0_all	875632.00	100	874	4838	20	24	0.00	0.00	0.00	753.60	1186.40	1470.30	2025.10	2661.40	3687.20	4245.90	5892.60	6874.30	6997.60	7579.80	8112.60	9203.30	9561.10	8717.20	9188.50	10335.50	10014.10	0.00	
pok.27.3a46	2022	2022	27.6.a	Ireland	-9.00	Landings	R-Reported	OTB_DEF_100-119_0_0_all	666.00	0.00	0.00	84	0.00	2	0.00	0.00	661.43	843.96	956.15	1141.03	1326.56	1516.40	0.00	0.00	0.00	0.00	0.00	0.00	0.00	0.00	0.00	0.00	0.00	0.00	0.00	0.00	
pok.27.3a46	2022	2	27.3.a.20	Denmark	3494.00	Landings	R-Reported	GNS_DEF_>=220_0_0_all	107.00	107	232	232	5	5	0.00	0.00	0.00	878.88	1008.52	1342.32	1903.83	2958.65	0.00	0.00	0.00	0.00	0.00	0.00	0.00	0.00	0.00	0.00	0.00	0.00	0.00	0.00	
pok.27.3a46	2022	2	27.3.a.20	Denmark	65096.00	Landings	R-Reported	GNS_DEF_120-219_0_0_all	3562.00	3562	232	232	5	5	0.00	0.00	0.00	878.88	1079.42	1761.45	2676.35	4047.96	4578.21	5171.07	6693.83	6805.61	9190.83	7650.51	0.00	0.00	0.00	0.00	0.00	0.00	0.00	0.00	
pok.27.3a46	2022	3	27.4	Denmark	-9.00	Landings	R-Reported	OTB_DEF_>=120_0_0_all	243085.00	243085	197	197	4	4	0.00	0.00	0.00	1306.97	1426.32	1838.57	2760.28	3691.22	4851.95	6064.82	8227.87	7569.50	8439.23	10677.28	0.00	0.00	0.00	0.00	0.00	0.00	0.00	0.00	
pok.27.3a46	2022	1	27.4	Denmark	39544.00	Landings	R-Reported	OTB_DEF_100-119_0_0_all	616.00	616	262	262	8	8	0.00	0.00	0.00	1045.36	1212.07	1485.90	2082.07	3295.18	4308.12	5718.73	6562.00	7692.55	7728.40	8962.31	0.00	0.00	0.00	0.00	0.00	0.00	0.00	0.00	
pok.27.3a46	2022	3	27.4	Denmark	199822.00	Landings	R-Reported	SSC_DEF_>=120_0_0_all	113187.00	113187	197	197	4	4	0.00	0.00	0.00	1466.97	1651.83	2067.27	2886.46	3665.66	4723.28	5800.87	8227.87	7569.50	8439.23	10677.28	0.00	0.00	0.00	0.00	0.00	0.00	0.00	0.00	
pok.27.3a46	2022	1	27.4	Denmark	2194.00	Landings	R-Reported	GNS_DEF_>=220_0_0_all	40.00	40	262	262	8	8	0.00	0.00	0.00	1045.36	1190.58	1449.01	1773.62	2448.76	3224.85	0.00	0.00	0.00	0.00	0.00	0.00	0.00	0.00	0.00	0.00	0.00	0.00	0.00	
pok.27.3a46	2022	1	27.3.a.20	Denmark	-9.00	Discards	R-Reported	OTB_CRU_90-119_0_0_all	15231.00	15231	39	47	8	8	0.00	50.00	284.49	511.19	633.50	901.13	0.00	0.00	0.00	0.00	0.00	0.00	0.00	0.00	0.00	0.00	0.00	0.00	0.00	0.00	0.00	0.00	
pok.27.3a46	2022	4	27.4.a	Norway	-9.00	Landings	R-Reported	GNS_DEF_all_0_0_all	919323.00	0.00	0.00	0.00	0.00	0.00	0.00	0.00	1040.00	1550.00	2063.00	2594.00	3155.00	3729.00	4321.00	4933.00	5558.00	6206.00	8321.00	0.00	0.00	0.00	0.00	0.00	0.00	0.00	0.00	0.00	
pok.27.3a46	2022	3	27.3.a.20	Norway	-9.00	Landings	R-Reported	OTB_DEF_>=120_0_0_all	81623.00	0.00	0.00	0.00	0.00	0.00	0.00	0.00	912.00	1355.00	1829.00	2329.00	2852.00	3394.00	3953.00	4529.00	2649.00	5002.00	8846.00	0.00	0.00	0.00	0.00	0.00	0.00	0.00	0.00	0.00	
pok.27.3a46	2022	3	27.4.a	Norway	-9.00	Landings	R-Reported	GNS_DEF_all_0_0_all	1417874.00	0.00	0.00	0.00	0.00	0.00	0.00	0.00	1000.00	1556.00	2105.00	2678.00	3281.00	3902.00	4543.00	5205.00	5882.00	6581.00	8828.00	0.00	0.00	0.00	0.00	0.00	0.00	0.00	0.00	0.00	
pok.27.3a46	2022	2	27.3.a.20	Denmark	-9.00	Landings	R-Reported	OTB_CRU_90-119_0_0_all	134195.00	134195	232	232	5	5	0.00	0.00	0.00	878.88	1036.91	1550.12	2320.42	3555.28	4578.21	5128.31	6663.09	6805.61	9190.83	7650.51	0.00	0.00	0.00	0.00	0.00	0.00	0.00	0.00	
pok.27.3a46	2022	1	27.3.a.20	Denmark	156112.00	Landings	R-Reported	OTB_DEF_>=120_0_0_all	3256.00	3256	150	150	3	3	0.00	0.00	0.00	668.35	810.72	1268.53	2325.23	4540.76	4578.21	5097.26	7345.25	6615.21	0.00	0.00	0.00	0.00	0.00	0.00	0.00	0.00	0.00	0.00	
pok.27.3a46	2022	4	27.3.a.20	Denmark	33444.00	Landings	R-Reported	GNS_DEF_120-219_0_0_all	842.00	842	466	466	12	12	0.00	0.00	738.86	939.91	1490.19	2219.55	3472.38	3760.88	4544.60	5218.62	7398.94	7959.14	0.00	13637.40	0.00	0.00	0.00	0.00	0.00	0.00	0.00	0.00	
pok.27.3a46	2022	1	27.4	Denmark	-9.00	Landings	R-Reported	OTB_DEF_>=120_0_0_all	274237.00	274237	262	262	8	8	0.00	0.00	0.00	1045.36	1270.71	1544.46	2249.77	3207.43	3856.35	5597.11	6368.86	7403.25	7728.40	8962.31	0.00	0.00	0.00	0.00	0.00	0.00	0.00	0.00	
pok.27.3a46	2022	4	27.4	Denmark	-9.00	Landings	R-Reported	OTB_DEF_>=120_0_0_all	289673.00	289673	261	261	5	5	0.00	0.00	942.88	1277.87	1576.86	2175.30	3117.33	3413.29	4661.67	6551.77	8214.49	10237.04	10770.02	8794.10	0.00	0.00	0.00	0.00	0.00	0.00	0.00	0.00	
pok.27.3a46	2022	3	27.4	Denmark	209899.00	Landings	R-Reported	GNS_DEF_120-219_0_0_all	562.00	562	197	197	4	4	0.00	0.00	0.00	1339.34	1471.83	1859.91	2483.33	3143.80	4106.08	5994.57	8227.87	7569.50	8439.23	10677.28	0.00	0.00	0.00	0.00	0.00	0.00	0.00	0.00	
pok.27.3a46	2022	1	27.4	Denmark	202257.00	Landings	R-Reported	GNS_DEF_120-219_0_0_all	1737.00	1737	262	262	8	8	0.00	0.00	0.00	1045.36	1372.09	1906.25	2880.73	3869.54	4333.64	5535.63	6252.99	7211.59	7728.40	8962.31	0.00	0.00	0.00	0.00	0.00	0.00	0.00	0.00	
pok.27.3a46	2022	4	27.3.a.20	Norway	-9.00	Landings	R-Reported	OTB_DEF_>=120_0_0_all	52747.00	0.00	0.00	0.00	0.00	0.00	0.00	0.00	941.00	1358.00	1802.00	2269.00	2756.00	3261.00	3782.00	4308.00	2438.00	4686.00	8309.00	0.00	0.00	0.00	0.00	0.00	0.00	0.00	0.00	0.00	
pok.27.3a46	2022	3	27.3.a.20	Germany	47914.00	Landings	R-Reported	OTB_DEF_>=120_0_0_all	325486.00	100	36	38	1	3	0.00	0.00	0.00	855.10	1383.50	1650.60	1569.10	3337.90	5205.10	5294.50	6362.10	7154.60	8965.30	0.00	0.00	10785.00	0.00	0.00	0.00	0.00	0.00	0.00	
pok.27.3a46	2022	3	27.3.a.20	Denmark	187703.00	Landings	R-Reported	SDN_DEF_>=120_0_0_all	936.00	936	250	250	5	5	0.00	0.00	617.82	883.23	1348.48	2403.30	3042.85	3543.35	4988.16	5111.85	5872.66	8211.74	9517.58	0.00	0.00	0.00	0.00	0.00	0.00	0.00	0.00	0.00	
pok.27.3a46	2022	2	27.3.a.20	Denmark	19968.00	Landings	R-Reported	OTB_DEF_>=120_0_0_all	2780.00	2780	232	232	5	5	0.00	0.00	0.00	878.88	1027.73	1491.73	2236.19	3364.72	4578.21	5492.51	6814.60	6805.61	9190.83	7650.51	0.00	0.00	0.00	0.00	0.00	0.00	0.00	0.00	
pok.27.3a46	2022	3	27.3.a.20	Denmark	56704.00	Landings	R-Reported	GNS_DEF_120-219_0_0_all	2056.00	2056	250	250	5	5	0.00	0.00	617.82	883.23	1382.05	2435.22	3029.92	3523.35	4919.74	4702.73	5642.87	8211.74	9517.58	0.00	0.00	0.00	0.00	0.00	0.00	0.00	0.00	0.00	
pok.27.3a46	2022	1	27.3.a.20	Denmark	-9.00	Landings	R-Reported	OTB_CRU_90-119_0_0_all	81664.00	81664	150	150	3	3	0.00	0.00	0.00	668.35	811.70	1282.87	2279.45	4324.49	4578.21	4852.78	6945.51	6615.21	0.00	0.00	0.00	0.00	0.00	0.00	0.00	0.00	0.00	0.00	
pok.27.3a46	2022	1	27.3.a.20	Denmark	32111.00	Landings	R-Reported	GNS_DEF_120-219_0_0_all	2905.00	2905	150	150	3	3	0.00	0.00	0.00	668.35	937.94	1772.69	2365.15	4373.84	4578.21	4905.43	6888.30	6615.21	0.00	0.00	0.00	0.00	0.00	0.00	0.00	0.00	0.00	0.00	
pok.27.3a46	2022	2	27.4	Denmark	-9.00	Landings	R-Reported	OTB_DEF_100-119_0_0_all	922.00	922	347	347	8	8	0.00	0.00	0.00	1555.99	1281.07	1643.93	2547.52	3547.64	4535.26	5691.01	7280.18	8133.90	8174.66	10222.45	10228.24	9829.40	0.00	0.00	0.00	0.00	0.00	0.00	
pok.27.3a46	2022	4	27.4	Denmark	-9.00	Discards	R-Reported	SSC_DEF_>=120_0_0_all	31785.00	31785	13	118	1	1	0.00	0.00	0.00	742.46	927.92	1245.48	0.00	0.00	0.00	0.00	0.00	0.00	0.00	0.00	0.00	0.00	0.00	0.00	0.00	0.00	0.00	0.00	
pok.27.3a46	2022	2	27.3.a.20	Norway	-9.00	Landings	R-Reported	OTB_DEF_>=120_0_0_all	9197.00	0.00	0.00	0.00	0.00	0.00	0.00	0.00	794.00	1222.00	1682.00	2169.00	2678.00	3207.00	3754.00	4317.00	2574.00	4794.00	8533.00	0.00	0.00	0.00	0.00	0.00	0.00	0.00	0.00	0.00	
pok.27.3a46	2022	1	27.4.a	Norway	-9.00	Landings	R-Reported	GNS_DEF_all_0_0_all	1409474.00	0.00	0.00	0.00	0.00	0.00	0.00	0.00	766.00	1276.00	1801.00	2350.00	2933.00	3532.00	4153.00	4795.00	5454.00	6135.00	8326.00	0.00	0.00	0.00	0.00	0.00	0.00	0.00	0.00	0.00	
pok.27.3a46	2022	4	27.3.a.20	Denmark	1.00	Landings	R-Reported	LLS_FIF_0_0_0_all	4.00	4	466	466	12	12	0.00	0.00	738.86	919.83	1378.40	1866.33	2815.65	2963.67	3223.67	0.00	0.00	0.00	0.00	0.00	0.00	0.00	0.00	0.00	0.00	0.00	0.00	0.00	
pok.27.3a46	2022	1	27.3.a.20	Denmark	-9.00	Landings	R-Reported	SDN_DEF_>=120_0_0_all	140.00	140	150	150	3	3	0.00	0.00	0.00	668.35	808.46	1224.68	2279.67	5137.62	4578.21	5480.96	7837.61	6615.21	0.00	0.00	0.00	0.00	0.00	0.00	0.00	0.00	0.00	0.00	
pok.27.3a46	2022	2	27.3.a.20	Denmark	1.00	Landings	R-Reported	LLS_FIF_0_0_0_all	10.00	10	232	232	5	5	0.00	0.00	0.00	878.88	1023.30	1458.78	2155.06	2958.65	0.00	0.00	0.00	0.00	0.00	0.00	0.00	0.00	0.00	0.00	0.00	0.00	0.00	0.00	
pok.27.3a46	2022	4	27.3.a.20	Denmark	-9.00	Landings	R-Reported	OTB_CRU_32-69_0_0_all	15006.00	15006	466	466	12	12	0.00	0.00	738.86	969.52	1599.26	2146.73	3057.63	3326.50	4273.59	5522.35	7398.94	7959.14	0.00	13637.40	0.00	0.00	0.00	0.00	0.00	0.00	0.00	0.00	
pok.27.3a46	2022	1	27.4	Denmark	53998.00	Landings	R-Reported	OTB_CRU_70-99_0_0_all	671.00	671	262	262	8	8	0.00	0.00	0.00	1045.36	1248.27	1519.72	2190.02	3141.70	3802.86	5462.06	6093.68	6922.23	7728.40	8962.31	0.00	0.00	0.00	0.00	0.00	0.00	0.00	0.00	
pok.27.3a46	2022	4	27.4	Denmark	78349.00	Landings	R-Reported	OTB_CRU_70-99_0_0_all	3399.00	3399	261	261	5	5	0.00	0.00	942.88	1252.67	1463.96	1865.14	3092.84	3390.32	4630.41	6524.74	8214.49	10237.04	10770.02	8794.10	0.00	0.00	0.00	0.00	0.00	0.00	0.00	0.00	
pok.27.3a46	2022	3	27.4	Denmark	3304.00	Landings	R-Reported	GNS_DEF_100-119_0_0_all	2.00	2	197	197	4	4	0.00	0.00	0.00	1688.29	1966.19	2065.61	2448.35	2626.33	3101.14	0.00	0.00	0.00	0.00	0.00	0.00	0.00	0.00	0.00	0.00	0.00	0.00	0.00	
pok.27.3a46	2022	2	27.4.b	Norway	-9.00	Landings	R-Reported	GNS_DEF_all_0_0_all	16948.00	0.00	0.00	0.00	0.00	0.00	0.00	0.00	833.00	1324.00	1822.00	2348.00	2899.00	3471.00	4063.00	4672.00	5297.00	5938.00	8048.00	0.00	0.00	0.00	0.00	0.00	0.00	0.00	0.00	0.00	
pok.27.3a46	2022	3	27.4.a	Norway	-9.00	Landings	R-Reported	OTB_DEF_>=120_0_0_all	4237224.00	0.00	0.00	0.00	0.00	0.00	0.00	0.00	928.00	1380.00	1870.00	2378.00	2917.00	3468.00	4032.00	4612.00	3906.00	5272.00	9023.00	0.00	0.00	0.00	0.00	0.00	0.00	0.00	0.00	0.00	
pok.27.3a46	2022	4	27.3.a.20	Denmark	-9.00	Landings	R-Reported	OTB_CRU_90-119_0_0_all	129270.00	129270	466	466	12	12	0.00	0.00	738.86	912.26	1323.30	1738.88	3109.06	3391.15	4383.89	5663.40	7398.94	7959.14	0.00	13637.40	0.00	0.00	0.00	0.00	0.00	0.00	0.00	0.00	
pok.27.3a46	2022	3	27.3.a.20	Denmark	-9.00	Landings	R-Reported	OTB_CRU_32-69_0_0_all	64491.00	64491	250	250	5	5	0.00	0.00	617.82	883.23	1732.42	2572.51	3088.21	3624.92	5002.60	5179.95	5909.64	8211.74	9517.58	0.00	0.00	0.00	0.00	0.00	0.00	0.00	0.00	0.00	
pok.27.3a46	2022	3	27.3.a.20	Denmark	80741.00	Landings	R-Reported	SSC_DEF_>=120_0_0_all	2431.00	2431	250	250	5	5	0.00	0.00	617.82	883.23	1684.92	2629.89	3310.43	3886.43	5102.43	5514.67	6014.95	8211.74	9517.58	0.00	0.00	0.00	0.00	0.00	0.00	0.00	0.00	0.00	
pok.27.3a46	2022	3	27.4	Denmark	2941.00	Landings	R-Reported	SDN_DEF_>=120_0_0_all	1.00	1	197	197	4	4	0.00	0.00	0.00	1235.77	1326.43	1519.02	1195.95	0.00	0.00	0.00	0.00	0.00	0.00	0.00	0.00	0.00	0.00	0.00	0.00	0.00	0.00	0.00	
pok.27.3a46	2022	3	27.3.a.20	Denmark	1.00	Landings	R-Reported	LLS_FIF_0_0_0_all	1.00	1	250	250	5	5	0.00	0.00	617.82	883.23	1196.19	1542.60	1319.71	1685.04	0.00	0.00	0.00	0.00	0.00	0.00	0.00	0.00	0.00	0.00	0.00	0.00	0.00	0.00	
pok.27.3a46	2022	4	27.4	Denmark	-9.00	Landings	R-Reported	SSC_DEF_>=120_0_0_all	110686.00	110686	261	261	5	5	0.00	0.00	942.88	1314.95	1713.98	2343.17	3217.02	3467.27	4539.67	6163.29	8214.49	10237.04	10770.02	8794.10	0.00	0.00	0.00	0.00	0.00	0.00	0.00	0.00	
pok.27.3a46	2022	3	27.3.a.20	Denmark	-9.00	Discards	R-Reported	OTB_CRU_90-119_0_0_all	2645.00	2645	11	11	9	9	0.00	329.00	506.00	603.69	1169.35	1170.00	0.00	0.00	0.00	0.00	0.00	0.00	0.00	0.00	0.00	0.00	0.00	0.00	0.00	0.00	0.00	0.00	
pok.27.3a46	2022	3	27.4.b	Norway	-9.00	Landings	R-Reported	GNS_DEF_all_0_0_all	148834.00	0.00	0.00	0.00	0.00	0.00	0.00	0.00	949.00	1470.00	1984.00	2526.00	3092.00	3680.00	4286.00	4910.00	5550.00	6205.00	8337.00	0.00	0.00	0.00	0.00	0.00	0.00	0.00	0.00	0.00	
pok.27.3a46	2022	1	27.3.a.20	Norway	-9.00	Landings	R-Reported	OTB_DEF_>=120_0_0_all	9916.00	0.00	0.00	0.00	0.00	0.00	0.00	0.00	698.00	1119.00	1574.00	2057.00	2564.00	3092.00	3638.00	4201.00	2496.00	4723.00	8403.00	0.00	0.00	0.00	0.00	0.00	0.00	0.00	0.00	0.00	
pok.27.3a46	2022	4	27.4.a	Norway	-9.00	Landings	R-Reported	OTB_DEF_>=120_0_0_all	3000000.00	0.00	0.00	0.00	0.00	0.00	0.00	0.00	947.00	1367.00	1818.00	2285.00	2780.00	3286.00	3808.00	4348.00	2528.00	4666.00	8359.00	0.00	0.00	0.00	0.00	0.00	0.00	0.00	0.00	0.00	
pok.27.3a46	2022	2	27.4	Germany	526701.00	Landings	R-Reported	OTB_DEF_>=120_0_0_all	1298026.00	100	597	3098	14	17	0.00	0.00	0.00	1047.80	1255.80	1594.10	2086.40	2764.90	3822.60	4378.90	6721.70	6366.50	7840.20	8984.40	8918.30	9927.70	9740.40	12599.20	8424.00	0.00	0.00	0.00	
pok.27.3a46	2022	2	27.3.a.20	Denmark	-9.00	Landings	R-Reported	SDN_DEF_>=120_0_0_all	611.00	611	232	232	5	5	0.00	0.00	0.00	878.88	1068.05	1694.60	2437.90	3713.81	4578.21	5819.45	6864.38	6805.61	9190.83	7650.51	0.00	0.00	0.00	0.00	0.00	0.00	0.00	0.00	
pok.27.3a46	2022	1	27.3.a.20	Denmark	18952.00	Landings	R-Reported	GNS_DEF_>=220_0_0_all	11.00	11	150	150	3	3	0.00	0.00	0.00	668.35	808.35	1216.16	2070.81	3213.00	0.00	3674.72	0.00	0.00	0.00	0.00	0.00	0.00	0.00	0.00	0.00	0.00	0.00	0.00	
pok.27.3a46	2022	1	27.3.a.20	Denmark	1.00	Landings	R-Reported	LLS_FIF_0_0_0_all	2.00	2	150	150	3	3	0.00	0.00	0.00	668.35	802.76	1091.07	0.00	0.00	0.00	0.00	0.00	0.00	0.00	0.00	0.00	0.00	0.00	0.00	0.00	0.00	0.00	0.00	
pok.27.3a46	2022	4	27.4	Denmark	56588.00	Landings	R-Reported	OTB_DEF_100-119_0_0_all	57.00	57	261	261	5	5	0.00	0.00	942.88	1283.05	1597.91	2202.54	3034.14	3353.41	4683.19	6655.72	8214.49	10237.04	10770.02	8794.10	0.00	0.00	0.00	0.00	0.00	0.00	0.00	0.00	
pok.27.3a46	2022	4	27.4	Denmark	-9.00	Landings	R-Reported	OTB_CRU_32-69_0_0_all	11525.00	11525	261	261	5	5	0.00	0.00	942.88	1430.19	2002.58	2493.12	3319.76	3554.15	4634.65	6326.11	8214.49	10237.04	10770.02	8794.10	0.00	0.00	0.00	0.00	0.00	0.00	0.00	0.00	
pok.27.3a46	2022	2	27.4	Denmark	-9.00	Landings	R-Reported	OTB_DEF_>=120_0_0_all	355563.00	355563	347	347	8	8	0.00	0.00	0.00	1476.21	1249.06	1553.68	2155.84	2631.81	3482.71	4514.34	6583.10	8133.90	8174.66	10222.45	10228.24	9829.40	0.00	0.00	0.00	0.00	0.00	0.00	
pok.27.3a46	2022	4	27.4	Denmark	166144.00	Landings	R-Reported	GNS_DEF_120-219_0_0_all	624.00	624	261	261	5	5	0.00	0.00	942.88	1293.08	1636.78	2241.74	2836.73	3577.12	5914.49	7157.17	8214.49	10237.04	10770.02	8794.10	0.00	0.00	0.00	0.00	0.00	0.00	0.00	0.00	
pok.27.3a46	2022	1	27.4	Denmark	-9.00	Discards	R-Reported	OTB_DEF_>=120_0_0_all	12775.00	12775	15	36	3	3	0.00	213.78	250.35	648.67	1298.62	1514.32	1680.24	0.00	0.00	0.00	0.00	0.00	0.00	0.00	0.00	0.00	0.00	0.00	0.00	0.00	0.00	0.00	
pok.27.3a46	2022	2	27.3.a.20	Denmark	-9.00	Discards	R-Reported	OTB_CRU_90-119_0_0_all	29380.00	29380	30	41	6	6	0.00	142.79	239.61	619.00	868.71	984.66	1510.00	0.00	0.00	0.00	0.00	0.00	0.00	0.00	0.00	0.00	0.00	0.00	0.00	0.00	0.00	0.00	
pok.27.3a46	2022	4	27.4	Denmark	-9.00	Discards	R-Reported	OTB_DEF_>=120_0_0_all	636.00	636	8	8	3	3	152.37	213.78	479.40	686.37	0.00	0.00	0.00	0.00	0.00	0.00	0.00	0.00	0.00	0.00	0.00	0.00	0.00	0.00	0.00	0.00	0.00	0.00	
pok.27.3a46	2022	4	27.4.b	Norway	-9.00	Landings	R-Reported	GNS_DEF_all_0_0_all	41222.00	0.00	0.00	0.00	0.00	0.00	0.00	0.00	984.00	1474.00	1956.00	2462.00	2990.00	3537.00	4102.00	4682.00	5277.00	5885.00	7903.00	0.00	0.00	0.00	0.00	0.00	0.00	0.00	0.00	0.00	
pok.27.3a46	2022	2	27.4.b	Norway	-9.00	Landings	R-Reported	OTB_DEF_>=120_0_0_all	7279.00	0.00	0.00	0.00	0.00	0.00	0.00	0.00	787.00	1210.00	1666.00	2148.00	2652.00	3176.00	3718.00	4275.00	2576.00	4733.00	8455.00	0.00	0.00	0.00	0.00	0.00	0.00	0.00	0.00	0.00	
pok.27.3a46	2022	2022	27.6.a	UK(Scotland)	2421191.00	Landings	R-Reported	OTB_DEF_>=120_0_0_all	1749446.00	1749	174	382	6	6	0.00	0.00	0.00	1072.00	1444.00	1839.00	1790.00	3363.00	4099.00	5501.00	6494.00	8197.00	8421.00	7732.00	8740.00	8658.00	9399.00	8703.00	0.00	0.00	8948.00	0.00	
pok.27.3a46	2022	2	27.4.a	Norway	-9.00	Landings	R-Reported	GNS_DEF_all_0_0_all	200000.00	0.00	0.00	0.00	0.00	0.00	0.00	0.00	850.00	1349.00	1864.00	2397.00	2967.00	3549.00	4149.00	4771.00	5409.00	6069.00	8208.00	0.00	0.00	0.00	0.00	0.00	0.00	0.00	0.00	0.00	
pok.27.3a46	2022	2022	27.6.a	Ireland	-9.00	Landings	R-Reported	OTB_DEF_>=120_0_0_all	111698.00	0.00	0.00	1137	0.00	22	0.00	0.00	639.41	1050.21	1347.86	1575.87	1844.69	2347.49	3886.60	6061.63	7895.02	9960.69	8641.88	0.00	0.00	0.00	0.00	0.00	0.00	0.00	0.00	0.00	
pok.27.3a46	2022	3	27.3.a.20	Denmark	-9.00	Landings	R-Reported	OTB_CRU_90-119_0_0_all	183573.00	183573	250	250	5	5	0.00	0.00	617.82	883.23	1273.99	2333.84	3309.88	3852.57	5183.66	5792.47	6197.80	8211.74	9517.58	0.00	0.00	0.00	0.00	0.00	0.00	0.00	0.00	0.00	
pok.27.3a46	2022	2	27.3.a.20	Denmark	-9.00	Landings	R-Reported	OTB_CRU_32-69_0_0_all	57545.00	57545	232	232	5	5	0.00	0.00	0.00	878.88	1851.22	2151.01	2515.07	3707.07	4578.21	5089.80	6629.16	6805.61	9190.83	7650.51	0.00	0.00	0.00	0.00	0.00	0.00	0.00	0.00	
pok.27.3a46	2022	4	27.3.a.20	Denmark	18503.00	Landings	R-Reported	SSC_DEF_>=120_0_0_all	31.00	31	466	466	12	12	0.00	0.00	738.86	918.63	1370.25	1910.51	3202.00	3499.13	4364.95	4966.56	0.00	0.00	0.00	0.00	0.00	0.00	0.00	0.00	0.00	0.00	0.00	0.00	
pok.27.3a46	2022	1	27.3.a.20	Denmark	-9.00	Landings	R-Reported	OTB_CRU_32-69_0_0_all	13014.00	13014	150	150	3	3	0.00	0.00	0.00	668.35	968.40	1791.90	2326.14	4355.21	4578.21	4885.44	6912.13	6615.21	0.00	0.00	0.00	0.00	0.00	0.00	0.00	0.00	0.00	0.00	
pok.27.3a46	2022	3	27.4	Denmark	173691.00	Landings	R-Reported	OTB_CRU_70-99_0_0_all	4.00	4	197	197	4	4	0.00	0.00	0.00	1235.77	1326.43	1519.02	1195.95	0.00	0.00	0.00	0.00	0.00	0.00	0.00	0.00	0.00	0.00	0.00	0.00	0.00	0.00	0.00	
pok.27.3a46	2022	2	27.4	Denmark	190860.00	Landings	R-Reported	GNS_DEF_120-219_0_0_all	251.00	251	347	347	8	8	0.00	0.00	0.00	1337.83	1204.50	1393.28	1827.81	2260.46	3294.58	4626.46	6665.73	8133.90	8174.66	10222.45	10228.24	9829.40	0.00	0.00	0.00	0.00	0.00	0.00	
pok.27.3a46	2022	3	27.4	Denmark	91417.00	Landings	R-Reported	OTB_DEF_100-119_0_0_all	135.00	135	197	197	4	4	0.00	0.00	0.00	1404.47	1563.57	2204.18	3377.79	3982.75	5166.28	6115.74	8227.87	7569.50	8439.23	10677.28	0.00	0.00	0.00	0.00	0.00	0.00	0.00	0.00	
pok.27.3a46	2022	1	27.3.a.20	Norway	-9.00	Landings	R-Reported	GNS_DEF_all_0_0_all	1222.00	0.00	0.00	0.00	0.00	0.00	0.00	0.00	0.00	1223.00	1721.00	2248.00	2802.00	3378.00	3974.00	4589.00	5220.00	5866.00	7970.00	0.00	0.00	0.00	0.00	0.00	0.00	0.00	0.00	0.00	
pok.27.3a46	2022	4	27.4	UK(Scotland)	3620220.00	Discards	R-Reported	OTB_DEF_>=120_0_0_all	508269.00	508	128	1483	14	14	0.00	392.00	633.00	970.00	1366.00	1942.00	2360.00	0.00	0.00	0.00	0.00	0.00	0.00	0.00	0.00	0.00	0.00	0.00	0.00	0.00	0.00	0.00	
pok.27.3a46	2022	2	27.4	Denmark	90516.00	Landings	R-Reported	SSC_DEF_>=120_0_0_all	115098.00	115098	347	347	8	8	0.00	0.00	0.00	1704.36	1359.07	1807.66	2327.49	2842.63	3635.99	4608.05	6622.43	8133.90	8174.66	10222.45	10228.24	9829.40	0.00	0.00	0.00	0.00	0.00	0.00	
pok.27.3a46	2022	4	27.3.a.20	Norway	-9.00	Landings	R-Reported	GNS_DEF_all_0_0_all	1703.00	0.00	0.00	0.00	0.00	0.00	0.00	0.00	993.00	1487.00	1973.00	2483.00	3016.00	3568.00	4137.00	4722.00	5322.00	5936.00	7968.00	0.00	0.00	0.00	0.00	0.00	0.00	0.00	0.00	0.00	
pok.27.3a46	2022	2022	27.4	UK(Scotland)	1586857.00	Landings	R-Reported	OTB_CRU_70-99_0_0_all	18346.00	18	16	28	2	2	0.00	0.00	0.00	0.00	0.00	2513.00	3357.00	3641.00	3321.00	3924.00	0.00	0.00	0.00	0.00	0.00	0.00	0.00	0.00	0.00	0.00	0.00	0.00	
pok.27.3a46	2022	1	27.3.a.20	Denmark	128.00	Landings	R-Reported	OTB_CRU_70-89_2_35_all	32.00	32	150	150	3	3	0.00	0.00	0.00	668.35	827.32	1464.01	2265.35	4521.45	4578.21	5078.50	7400.79	6615.21	0.00	0.00	0.00	0.00	0.00	0.00	0.00	0.00	0.00	0.00	
pok.27.3a46	2022	1	27.4.a	Norway	-9.00	Landings	R-Reported	OTB_DEF_>=120_0_0_all	620414.00	0.00	0.00	0.00	0.00	0.00	0.00	0.00	704.00	1129.00	1592.00	2078.00	2594.00	3126.00	3674.00	4233.00	2564.00	4796.00	8483.00	0.00	0.00	0.00	0.00	0.00	0.00	0.00	0.00	0.00	
pok.27.3a46	2022	3	27.3.a.20	Norway	-9.00	Landings	R-Reported	GNS_DEF_all_0_0_all	5818.00	0.00	0.00	0.00	0.00	0.00	0.00	0.00	956.00	1483.00	2002.00	2549.00	3120.00	3713.00	4324.00	4954.00	5600.00	6260.00	8410.00	0.00	0.00	0.00	0.00	0.00	0.00	0.00	0.00	0.00	
pok.27.3a46	2022	3	27.4	UK(Scotland)	4141979.00	Landings	R-Reported	OTB_DEF_>=120_0_0_all	1410137.00	1410	457	1009	23	23	0.00	0.00	819.00	1011.00	1393.00	1616.00	2595.00	3102.00	3209.00	3762.00	5265.00	6091.00	6731.00	7930.00	8869.00	7745.00	8629.00	7205.00	0.00	0.00	0.00	0.00	
pok.27.3a46	2022	2022	27.4	UK(Scotland)	1586857.00	Discards	R-Reported	OTB_CRU_70-99_0_0_all	164473.00	164	50	169	24	24	0.00	0.00	987.00	1080.00	1363.00	1853.00	2562.00	1368.00	0.00	0.00	0.00	0.00	0.00	0.00	0.00	0.00	0.00	0.00	0.00	0.00	0.00	0.00	
pok.27.3a46	2022	3	27.4	Denmark	11397.00	Landings	R-Reported	OTB_CRU_32-69_0_0_all	2546.00	2546	197	197	4	4	0.00	0.00	0.00	1621.38	1870.86	2131.68	2858.56	3632.16	4705.21	5861.95	8227.87	7569.50	8439.23	10677.28	0.00	0.00	0.00	0.00	0.00	0.00	0.00	0.00	
pok.27.3a46	2022	3	27.4	UK(Scotland)	4141979.00	Discards	R-Reported	OTB_DEF_>=120_0_0_all	1724001.00	1724	123	1438	10	10	0.00	419.00	654.00	886.00	1230.00	1492.00	2058.00	2549.00	4033.00	0.00	0.00	0.00	0.00	0.00	0.00	0.00	0.00	0.00	0.00	0.00	0.00	0.00	
pok.27.3a46	2022	1	27.4	Denmark	97423.00	Landings	R-Reported	SSC_DEF_>=120_0_0_all	22598.00	22598	262	262	8	8	0.00	0.00	0.00	1045.36	1300.83	1584.78	2333.59	3372.54	4043.45	5694.54	6526.87	7642.49	7728.40	8962.31	0.00	0.00	0.00	0.00	0.00	0.00	0.00	0.00	
pok.27.3a46	2022	4	27.4	UK(Scotland)	3620220.00	Landings	R-Reported	OTB_DEF_>=120_0_0_all	1132154.00	1132	258	653	14	14	0.00	0.00	950.00	1113.00	1460.00	2310.00	2883.00	3566.00	3840.00	3784.00	5971.00	0.00	7179.00	8786.00	0.00	12049.00	12349.00	0.00	0.00	0.00	0.00	0.00	
pok.27.3a46	2022	3	27.4	Germany	795008.00	Landings	R-Reported	OTB_SPF_32-69_0_0_all	1988.00	100	976	41	19	18	0.00	0.00	923.20	1211.90	1294.10	1766.60	2573.20	2955.20	3956.80	3746.90	4302.40	0.00	0.00	0.00	0.00	0.00	0.00	0.00	0.00	0.00	0.00	0.00	
pok.27.3a46	2022	2	27.4	Denmark	575.00	Landings	R-Reported	LLS_FIF_0_0_0_all	1.00	1	347	347	8	8	0.00	0.00	0.00	1300.76	1194.40	1349.46	1576.62	1659.25	2118.20	0.00	0.00	0.00	0.00	0.00	0.00	0.00	0.00	0.00	0.00	0.00	0.00	0.00	
pok.27.3a46	2022	2022	27.6.b.2	UK(Scotland)	-9.00	Discards	R-Reported	OTB_DEF_>=120_0_0_all	213.00	0	1	1	2	2	0.00	0.00	637.00	0.00	0.00	0.00	0.00	0.00	0.00	0.00	0.00	0.00	0.00	0.00	0.00	0.00	0.00	0.00	0.00	0.00	0.00	0.00	
pok.27.3a46	2022	1	27.4	UK(Scotland)	3353476.00	Discards	R-Reported	OTB_DEF_>=120_0_0_all	72215.00	72	63	243	7	7	0.00	0.00	540.00	935.00	1036.00	1744.00	2931.00	0.00	0.00	0.00	0.00	0.00	0.00	0.00	0.00	0.00	0.00	0.00	0.00	0.00	0.00	0.00	
pok.27.3a46	2022	2	27.4	UK(Scotland)	3426884.00	Landings	R-Reported	OTB_DEF_>=120_0_0_all	1225615.00	1226	406	760	23	23	0.00	0.00	0.00	1308.00	1406.00	1676.00	2453.00	2941.00	3518.00	4108.00	4325.00	5917.00	8574.00	8032.00	0.00	7778.00	8631.00	0.00	7416.00	9701.00	7997.00	0.00	
pok.27.3a46	2022	1	27.4	Denmark	116151.00	Landings	R-Reported	OTB_CRU_32-69_0_0_all	8661.00	8661	262	262	8	8	0.00	0.00	0.00	1045.36	1358.06	1642.75	2389.40	3328.87	3810.67	5436.81	6032.88	6802.94	7728.40	8962.31	0.00	0.00	0.00	0.00	0.00	0.00	0.00	0.00	
pok.27.3a46	2022	2022	27.6.b.2	UK(Scotland)	-9.00	Landings	R-Reported	OTB_DEF_>=120_0_0_all	36019.00	36	36	53	4	4	0.00	0.00	2220.00	2523.00	2716.00	10186.00	6863.00	8231.00	10869.00	0.00	10726.00	0.00	11557.00	11051.00	0.00	10993.00	0.00	0.00	0.00	0.00	12101.00	0.00	
pok.27.3a46	2022	1	27.4	UK(Scotland)	3353476.00	Landings	R-Reported	OTB_DEF_>=120_0_0_all	1427494.00	1427	529	1278	19	19	0.00	0.00	0.00	901.00	1370.00	1631.00	2231.00	2917.00	3799.00	4735.00	6238.00	8245.00	6642.00	7920.00	8676.00	9132.00	10095.00	0.00	9846.00	9359.00	0.00	0.00	
pok.27.3a46	2022	2	27.3.a.20	Norway	-9.00	Landings	R-Reported	GNS_DEF_all_0_0_all	2285.00	0.00	0.00	0.00	0.00	0.00	0.00	0.00	839.00	1336.00	1839.00	2370.00	2926.00	3504.00	4101.00	4716.00	5347.00	5993.00	8120.00	0.00	0.00	0.00	0.00	0.00	0.00	0.00	0.00	0.00	
pok.27.3a46	2022	2	27.4	UK(Scotland)	3426884.00	Discards	R-Reported	OTB_DEF_>=120_0_0_all	691102.00	691	47	975	4	4	0.00	0.00	0.00	832.00	1091.00	1402.00	1648.00	0.00	0.00	0.00	0.00	0.00	0.00	0.00	0.00	0.00	0.00	0.00	0.00	0.00	0.00	0.00	
