Numbers at Lngt:

Stock	Year	 Season 	Area	 Country	Effort	Catch Cat.	Report cat.	 Fleets	Caton	SampledCatch	NumAgeMeasurement	NumLengthMeasurements	NumSamplesAge	NumSamplesLength	UndeterminedLngt200	UndeterminedLngt210	UndeterminedLngt220	UndeterminedLngt230	UndeterminedLngt240	UndeterminedLngt250	UndeterminedLngt260	UndeterminedLngt270	UndeterminedLngt280	UndeterminedLngt290	UndeterminedLngt300	UndeterminedLngt310	UndeterminedLngt320	UndeterminedLngt330	UndeterminedLngt340	UndeterminedLngt350	UndeterminedLngt360	UndeterminedLngt370	UndeterminedLngt380	UndeterminedLngt390	UndeterminedLngt400	UndeterminedLngt410	UndeterminedLngt420	UndeterminedLngt430	UndeterminedLngt440	UndeterminedLngt450	UndeterminedLngt460	UndeterminedLngt470	UndeterminedLngt480	UndeterminedLngt490	UndeterminedLngt500	UndeterminedLngt510	UndeterminedLngt520	UndeterminedLngt530	UndeterminedLngt540	UndeterminedLngt560	UndeterminedLngt570	UndeterminedLngt580	UndeterminedLngt600	UndeterminedLngt610	UndeterminedLngt630	UndeterminedLngt660	
tur.27.3a	2022	2	27.3.a.21	Denmark	564691.00	D	R-Reported	OTB_CRU_90-119_0_0_all	321.00	321	0.00	5	0.00	11	0.00	71.69	215.07	0.00	215.07	0.00	0.00	0.00	465.99	0.00	0.00	0.00	0.00	0.00	0.00	0.00	0.00	0.00	0.00	0.00	0.00	0.00	0.00	0.00	0.00	0.00	0.00	0.00	0.00	0.00	0.00	0.00	0.00	0.00	0.00	0.00	0.00	0.00	0.00	0.00	0.00	0.00	
tur.27.3a	2022	3	27.3.a.20	Denmark	723271.00	D	R-Reported	OTB_CRU_90-119_0_0_all	16545.00	16545	0.00	13	0.00	9	0.00	0.00	0.00	0.00	34361.75	17608.71	5679.42	0.00	0.00	0.00	0.00	0.00	0.00	0.00	0.00	0.00	0.00	0.00	0.00	0.00	0.00	0.00	0.00	0.00	0.00	0.00	0.00	0.00	0.00	0.00	0.00	0.00	0.00	0.00	0.00	0.00	0.00	0.00	0.00	0.00	0.00	0.00	
tur.27.3a	2022	2	27.3.a.20	Denmark	3955.00	L	R-Reported	TBB_DEF_>=120_0_0_all	179.00	179	0.00	123	0.00	3	0.00	0.00	1.55	0.00	7.76	13.98	17.08	15.53	21.99	26.97	54.60	14.71	12.26	4.90	0.00	4.90	12.64	13.58	6.79	13.58	0.00	0.00	3.40	3.40	0.00	0.34	0.00	0.34	1.01	0.00	0.00	0.34	0.00	0.00	0.00	0.00	0.07	0.00	0.07	0.00	0.07	0.00	
tur.27.3a	2022	4	27.3.a.20	Denmark	918720.00	L	R-Reported	OTB_CRU_90-119_0_0_all	27787.00	27787	0.00	129	0.00	7	0.00	0.00	0.00	0.00	480.89	0.00	0.00	0.00	240.45	240.45	260.35	1010.14	336.71	2465.65	2955.10	2714.65	2704.18	4435.68	1374.15	2323.18	706.45	1635.98	476.64	230.53	238.32	94.82	281.00	332.21	91.77	142.98	45.73	0.00	61.92	0.00	10.37	11.77	11.77	12.83	0.00	12.83	12.83	21.10	
tur.27.3a	2022	4	27.3.a.20	Denmark	5115.00	L	R-Reported	TBB_DEF_>=120_0_0_all	393.00	393	0.00	129	0.00	7	0.00	0.00	0.00	0.00	4.78	0.00	0.00	0.00	2.39	2.39	2.59	10.04	3.35	24.50	29.36	26.97	26.87	54.39	26.28	44.43	13.51	31.29	9.12	4.41	4.56	1.32	5.15	5.87	1.28	1.99	0.64	0.00	0.88	0.00	0.16	0.18	0.18	0.19	0.00	0.19	0.19	0.32	
tur.27.3a	2022	2	27.3.a.20	Denmark	422830.00	L	R-Reported	OTB_CRU_32-69_0_0_all	4.00	4	0.00	123	0.00	3	0.00	0.00	0.02	0.00	0.08	0.14	0.17	0.15	0.22	0.27	0.54	0.15	0.12	0.05	0.00	0.05	0.47	0.59	0.30	0.59	0.00	0.00	0.15	0.15	0.00	0.00	0.00	0.00	0.00	0.00	0.00	0.00	0.00	0.00	0.00	0.00	0.00	0.00	0.00	0.00	0.00	0.00	
tur.27.3a	2022	1	27.3.a.20	Denmark	18952.00	L	R-Reported	GNS_DEF_>=220_0_0_all	410.00	410	0.00	150	0.00	3	0.00	0.00	0.00	0.00	0.00	0.00	0.00	0.00	7.88	11.95	3.93	3.93	9.88	21.73	17.87	13.94	25.56	43.01	35.88	14.76	20.79	8.21	6.34	6.57	1.71	1.55	9.19	6.72	1.62	2.55	0.00	5.10	0.00	0.00	0.00	0.00	6.71	0.00	6.71	0.00	6.71	0.00	
tur.27.3a	2022	3	27.3.a.20	Denmark	9527.00	L	R-Reported	GNS_DEF_>=220_0_0_all	654.00	654	0.00	123	0.00	2	0.00	0.00	0.00	0.00	0.00	0.00	0.00	0.32	3.52	4.72	5.04	4.04	2.05	2.10	2.74	15.57	14.74	28.95	0.00	28.95	43.43	115.81	28.95	14.48	28.95	14.48	3.06	0.00	6.48	0.00	6.12	13.33	0.00	3.06	0.00	0.00	0.00	0.00	5.99	5.99	0.00	0.00	
tur.27.3a	2022	2	27.3.a.20	Denmark	65096.00	L	R-Reported	GNS_DEF_120-219_0_0_all	7136.00	7136	0.00	123	0.00	3	0.00	0.00	77.89	0.00	389.47	701.04	856.83	778.94	1102.80	1352.84	2738.49	737.91	614.93	245.97	0.00	245.97	312.09	252.14	126.07	252.14	0.00	0.00	63.04	63.04	0.00	21.10	0.00	21.10	63.31	0.00	0.00	21.10	0.00	0.00	0.00	0.00	24.95	0.00	24.95	0.00	24.95	0.00	
tur.27.3a	2022	3	27.3.a.20	Denmark	5250.00	L	R-Reported	TBB_DEF_>=120_0_0_all	272.00	272	0.00	123	0.00	2	0.00	0.00	0.00	0.00	0.00	0.00	0.00	2.16	23.99	32.24	34.40	27.54	13.96	14.35	18.66	11.16	5.45	7.36	0.00	7.36	11.04	29.44	7.36	3.68	7.36	3.68	0.93	0.00	1.96	0.00	1.85	4.03	0.00	0.93	0.00	0.00	0.00	0.00	0.31	0.31	0.00	0.00	
tur.27.3a	2022	4	27.3.a.20	Denmark	76252.00	L	R-Reported	OTB_DEF_>=120_0_0_all	4556.00	4556	0.00	129	0.00	7	0.00	0.00	0.00	0.00	81.54	0.00	0.00	0.00	40.77	40.77	44.14	171.27	57.09	418.06	501.05	460.28	458.51	744.87	224.15	378.96	115.24	266.86	77.75	37.60	38.88	11.06	43.85	49.83	10.71	16.68	5.33	0.00	7.76	0.00	1.65	1.87	1.87	2.04	0.00	2.04	2.04	3.35	
tur.27.3a	2022	2	27.3.a.21	Denmark	3872.00	D	R-Reported	GNS_DEF_120-219_0_0_all	3413.00	3413	0.00	85	0.00	1	381.83	598.84	1158.12	646.20	897.96	1816.94	1899.31	1682.65	1028.04	1036.45	0.00	0.00	0.00	0.00	0.00	0.00	0.00	0.00	0.00	0.00	0.00	0.00	0.00	0.00	0.00	0.00	0.00	0.00	0.00	0.00	0.00	0.00	0.00	0.00	0.00	0.00	0.00	0.00	0.00	0.00	0.00	0.00	
tur.27.3a	2022	1	27.3.a.20	Denmark	16644.00	L	R-Reported	TBB_DEF_>=120_0_0_all	425.00	425	0.00	150	0.00	3	0.00	0.00	0.00	0.00	0.00	0.00	0.00	0.00	11.26	17.07	5.61	5.61	14.12	31.04	25.53	19.92	36.82	63.47	54.12	23.36	33.39	13.19	10.18	10.56	2.74	2.48	4.11	3.69	2.61	0.54	0.00	1.08	0.00	0.00	0.00	0.00	0.79	0.00	0.79	0.00	0.79	0.00	
tur.27.3a	2022	1	27.3.a.20	Denmark	192299.00	L	R-Reported	OTB_CRU_32-69_0_0_all	2.00	2	0.00	150	0.00	3	0.00	0.00	0.00	0.00	0.00	0.00	0.00	0.00	0.00	0.00	0.00	0.00	0.00	0.00	0.00	0.00	0.03	0.19	0.26	0.21	0.34	0.13	0.10	0.11	0.03	0.03	0.03	0.03	0.03	0.00	0.00	0.00	0.00	0.00	0.00	0.00	0.00	0.00	0.00	0.00	0.00	0.00	
tur.27.3a	2022	4	27.3.a.20	Denmark	7172.00	L	R-Reported	GNS_DEF_>=220_0_0_all	29.00	29	0.00	129	0.00	7	0.00	0.00	0.00	0.00	0.35	0.00	0.00	0.00	0.17	0.17	0.19	0.73	0.24	1.79	2.14	1.97	1.96	3.56	1.41	2.39	0.73	1.68	0.49	0.24	0.25	0.14	0.31	0.38	0.13	0.21	0.07	0.00	0.18	0.00	0.09	0.10	0.10	0.11	0.00	0.11	0.11	0.18	
tur.27.3a	2022	3	27.3.a.21	Denmark	788546.00	D	R-Reported	OTB_CRU_90-119_0_0_all	402.00	402	0.00	9	0.00	19	167.14	497.51	156.15	0.00	156.15	330.37	0.00	0.00	324.22	0.00	0.00	0.00	0.00	0.00	0.00	0.00	0.00	0.00	0.00	0.00	0.00	0.00	0.00	0.00	0.00	0.00	0.00	0.00	0.00	0.00	0.00	0.00	0.00	0.00	0.00	0.00	0.00	0.00	0.00	0.00	0.00	0.00	
tur.27.3a	2022	1	27.3.a.20	Denmark	1022121.00	L	R-Reported	OTB_CRU_90-119_0_0_all	10818.00	10818	0.00	150	0.00	3	0.00	0.00	0.00	0.00	0.00	0.00	0.00	0.00	202.41	306.68	100.77	100.77	253.67	557.72	458.71	357.94	691.30	1337.57	1251.27	640.82	960.26	379.22	292.72	303.70	78.81	71.39	215.52	171.05	74.96	48.04	0.00	96.09	0.00	0.00	0.00	0.00	36.05	0.00	36.05	0.00	36.05	0.00	
tur.27.3a	2022	2	27.3.a.20	Denmark	124570.00	L	R-Reported	SDN_DEF_>=120_0_0_all	840.00	840	0.00	123	0.00	3	0.00	0.00	9.10	0.00	45.51	81.92	100.13	91.02	128.87	158.09	320.01	86.23	71.86	28.74	0.00	28.74	34.30	26.57	13.29	26.57	0.00	0.00	6.64	6.64	0.00	2.71	0.00	2.71	8.12	0.00	0.00	2.71	0.00	0.00	0.00	0.00	4.18	0.00	4.18	0.00	4.18	0.00	
tur.27.3a	2022	3	27.3.a.20	Denmark	1.00	L	R-Reported	LLS_FIF_0_0_0_all	370.00	370	0.00	123	0.00	2	0.00	0.00	0.00	0.00	0.00	0.00	0.00	6.27	69.69	93.66	99.93	80.00	40.56	41.67	54.22	22.53	5.94	1.57	0.00	1.57	2.35	6.27	1.57	0.78	1.57	0.78	0.00	0.00	0.00	0.00	0.00	0.00	0.00	0.00	0.00	0.00	0.00	0.00	0.00	0.00	0.00	0.00	
tur.27.3a	2022	2	27.3.a.21	Sweden	4057.00	L	R-Reported	GNS_DEF_all_0_0_all	361.00	0.00	0.00	44	0.00	2	0.00	0.00	0.00	0.00	0.00	10.13	10.13	10.13	70.93	20.27	30.40	30.40	81.07	30.40	30.40	10.13	10.13	10.13	10.13	0.00	10.13	10.13	20.27	0.00	0.00	0.00	20.27	0.00	0.00	10.13	10.13	0.00	0.00	0.00	0.00	0.00	0.00	0.00	0.00	0.00	0.00	0.00	
tur.27.3a	2022	2	27.3.a.21	Sweden	6745.00	L	R-Reported	GTR_DEF_all_0_0_all	1531.10	0.00	0.00	44	0.00	2	0.00	0.00	0.00	0.00	0.00	42.98	42.98	42.98	300.85	85.96	128.94	128.94	343.83	128.94	128.94	42.98	42.98	42.98	42.98	0.00	42.98	42.98	85.96	0.00	0.00	0.00	85.96	0.00	0.00	42.98	42.98	0.00	0.00	0.00	0.00	0.00	0.00	0.00	0.00	0.00	0.00	0.00	
tur.27.3a	2022	4	27.3.a.20	Denmark	18503.00	L	R-Reported	SSC_DEF_>=120_0_0_all	144.00	144	0.00	129	0.00	7	0.00	0.00	0.00	0.00	2.72	0.00	0.00	0.00	1.36	1.36	1.47	5.71	1.90	13.95	16.72	15.36	15.30	23.36	5.66	9.56	2.91	6.73	1.96	0.95	0.98	0.35	1.14	1.33	0.34	0.52	0.17	0.00	0.46	0.00	0.22	0.25	0.25	0.28	0.00	0.28	0.28	0.45	
tur.27.3a	2022	2	27.3.a.20	Denmark	19968.00	L	R-Reported	OTB_DEF_>=120_0_0_all	154.00	154	0.00	123	0.00	3	0.00	0.00	0.98	0.00	4.92	8.86	10.82	9.84	13.93	17.09	34.60	9.32	7.77	3.11	0.00	3.11	11.74	13.58	6.79	13.58	0.00	0.00	3.40	3.40	0.00	0.88	0.00	0.88	2.64	0.00	0.00	0.88	0.00	0.00	0.00	0.00	0.36	0.00	0.36	0.00	0.36	0.00	
tur.27.3a	2022	4	27.3.a.20	Denmark	65184.00	L	R-Reported	SDN_DEF_>=120_0_0_all	602.00	602	0.00	129	0.00	7	0.00	0.00	0.00	0.00	16.11	0.00	0.00	0.00	8.06	8.06	8.72	33.84	11.28	82.61	99.01	90.95	90.60	121.78	13.20	22.32	6.79	15.71	4.58	2.21	2.29	0.97	2.73	3.25	0.94	1.47	0.47	0.00	0.59	0.00	0.07	0.08	0.08	0.08	0.00	0.08	0.08	0.14	
tur.27.3a	2022	3	27.3.a.20	Denmark	80741.00	L	R-Reported	SSC_DEF_>=120_0_0_all	66.00	66	0.00	123	0.00	2	0.00	0.00	0.00	0.00	0.00	0.00	0.00	0.48	5.38	7.23	7.71	6.17	3.13	3.22	4.18	2.37	1.09	1.39	0.00	1.39	2.08	5.55	1.39	0.69	1.39	0.69	0.14	0.00	0.30	0.00	0.28	0.62	0.00	0.14	0.00	0.00	0.00	0.00	1.24	1.24	0.00	0.00	
tur.27.3a	2022	2	27.3.a.20	Denmark	6656.00	L	R-Reported	GNS_DEF_100-119_0_0_all	47.00	47	0.00	123	0.00	3	0.00	0.00	0.46	0.00	2.31	4.15	5.07	4.61	6.53	8.01	16.22	4.37	3.64	1.46	0.00	1.46	2.20	1.97	0.98	1.97	0.00	0.00	0.49	0.49	0.00	0.14	0.00	0.14	0.41	0.00	0.00	0.14	0.00	0.00	0.00	0.00	0.29	0.00	0.29	0.00	0.29	0.00	
tur.27.3a	2022	3	27.3.a.20	Denmark	723271.00	L	R-Reported	OTB_CRU_90-119_0_0_all	7743.00	7743	0.00	123	0.00	2	0.00	0.00	0.00	0.00	0.00	0.00	0.00	103.56	1150.58	1546.40	1649.96	1320.85	669.64	688.07	895.19	404.26	130.43	90.60	0.00	90.60	135.90	362.40	90.60	45.30	90.60	45.30	11.07	0.00	23.45	0.00	22.13	48.22	0.00	11.07	0.00	0.00	0.00	0.00	23.25	23.25	0.00	0.00	
tur.27.3a	2022	4	27.3.a.20	Denmark	33444.00	L	R-Reported	GNS_DEF_120-219_0_0_all	964.00	964	0.00	129	0.00	7	0.00	0.00	0.00	0.00	18.87	0.00	0.00	0.00	9.43	9.43	10.21	39.63	13.21	96.74	115.94	106.51	106.10	159.35	35.94	60.77	18.48	42.79	12.47	6.03	6.23	3.62	7.86	9.82	3.50	5.46	1.74	0.00	3.19	0.00	1.07	1.21	1.21	1.32	0.00	1.32	1.32	2.17	
tur.27.3a	2022	2	27.3.a.20	Denmark	1.00	L	R-Reported	LLS_FIF_0_0_0_all	16.00	16	0.00	123	0.00	3	0.00	0.00	0.15	0.00	0.77	1.38	1.69	1.54	2.18	2.67	5.41	1.46	1.21	0.49	0.00	0.49	0.83	0.79	0.39	0.79	0.00	0.00	0.20	0.20	0.00	0.14	0.00	0.14	0.41	0.00	0.00	0.14	0.00	0.00	0.00	0.00	0.00	0.00	0.00	0.00	0.00	0.00	
tur.27.3a	2022	2	27.3.a.20	Denmark	925072.00	L	R-Reported	OTB_CRU_90-119_0_0_all	5852.00	5852	0.00	123	0.00	3	0.00	0.00	40.68	0.00	203.42	366.16	447.53	406.84	576.00	706.60	1430.33	385.42	321.18	128.47	0.00	128.47	363.18	398.59	199.29	398.59	0.00	0.00	99.65	99.65	0.00	44.16	0.00	44.16	132.49	0.00	0.00	44.16	0.00	0.00	0.00	0.00	30.21	0.00	30.21	0.00	30.21	0.00	
tur.27.3a	2022	3	27.3.a.20	Denmark	56704.00	L	R-Reported	GNS_DEF_120-219_0_0_all	5133.00	5133	0.00	123	0.00	2	0.00	0.00	0.00	0.00	0.00	0.00	0.00	55.30	614.38	825.73	881.03	705.29	357.57	367.41	478.00	234.47	88.25	85.59	0.00	85.59	128.39	342.38	85.59	42.80	85.59	42.80	12.85	0.00	27.22	0.00	25.69	55.97	0.00	12.85	0.00	0.00	0.00	0.00	29.65	29.65	0.00	0.00	
tur.27.3a	2022	1	27.3.a.20	Denmark	32111.00	L	R-Reported	GNS_DEF_120-219_0_0_all	943.00	943	0.00	150	0.00	3	0.00	0.00	0.00	0.00	0.00	0.00	0.00	0.00	37.51	56.83	18.67	18.67	47.01	103.35	85.00	66.33	115.08	161.05	109.07	21.32	19.25	7.60	5.87	6.09	1.58	1.43	9.24	6.71	1.50	2.60	0.00	5.21	0.00	0.00	0.00	0.00	7.07	0.00	7.07	0.00	7.07	0.00	
tur.27.3a	2022	3	27.3.a.20	Denmark	187703.00	L	R-Reported	SDN_DEF_>=120_0_0_all	1433.00	1433	0.00	123	0.00	2	0.00	0.00	0.00	0.00	0.00	0.00	0.00	22.87	254.15	341.57	364.45	291.75	147.91	151.98	197.73	82.97	22.48	7.36	0.00	7.36	11.04	29.44	7.36	3.68	7.36	3.68	1.21	0.00	2.56	0.00	2.42	5.27	0.00	1.21	0.00	0.00	0.00	0.00	2.27	2.27	0.00	0.00	
tur.27.3a	2022	3	27.3.a.20	Denmark	369330.00	L	R-Reported	OTB_CRU_32-69_0_0_all	14.00	14	0.00	123	0.00	2	0.00	0.00	0.00	0.00	0.00	0.00	0.00	0.04	0.41	0.56	0.59	0.47	0.24	0.25	0.32	0.31	0.21	0.36	0.00	0.36	0.54	1.45	0.36	0.18	0.36	0.18	0.14	0.00	0.30	0.00	0.28	0.62	0.00	0.14	0.00	0.00	0.00	0.00	0.21	0.21	0.00	0.00	
tur.27.3a	2022	3	27.3.a.20	Denmark	41800.00	L	R-Reported	OTB_DEF_>=120_0_0_all	380.00	380	0.00	123	0.00	2	0.00	0.00	0.00	0.00	0.00	0.00	0.00	3.29	36.60	49.19	52.49	42.02	21.30	21.89	28.48	15.67	6.96	8.51	0.00	8.51	12.76	34.02	8.51	4.25	8.51	4.25	1.14	0.00	2.41	0.00	2.28	4.96	0.00	1.14	0.00	0.00	0.00	0.00	2.38	2.38	0.00	0.00	
tur.27.3a	2022	1	27.3.a.20	Denmark	34248.00	L	R-Reported	SDN_DEF_>=120_0_0_all	158.00	158	0.00	150	0.00	3	0.00	0.00	0.00	0.00	0.00	0.00	0.00	0.00	3.55	5.38	1.77	1.77	4.45	9.78	8.04	6.27	11.63	20.20	17.35	7.59	10.90	4.31	3.32	3.45	0.89	0.81	2.93	2.26	0.85	0.70	0.00	1.41	0.00	0.00	0.00	0.00	1.08	0.00	1.08	0.00	1.08	0.00	
tur.27.3a	2022	1	27.3.a.20	Denmark	156112.00	L	R-Reported	OTB_DEF_>=120_0_0_all	6074.00	6074	0.00	150	0.00	3	0.00	0.00	0.00	0.00	0.00	0.00	0.00	0.00	133.19	201.81	66.31	66.31	166.92	367.00	301.85	235.54	445.47	817.29	734.43	351.11	516.93	204.14	157.58	163.49	42.43	38.43	95.86	78.64	40.36	19.14	0.00	38.28	0.00	0.00	0.00	0.00	15.07	0.00	15.07	0.00	15.07	0.00	
tur.27.3a	2022	4	27.3.a.20	Denmark	1.00	L	R-Reported	LLS_FIF_0_0_0_all	288.00	288	0.00	129	0.00	7	0.00	0.00	0.00	0.00	9.07	0.00	0.00	0.00	4.53	4.53	4.91	19.05	6.35	46.49	55.72	51.19	50.99	64.00	1.89	3.19	0.97	2.24	0.65	0.32	0.33	0.00	0.33	0.33	0.00	0.00	0.00	0.00	0.19	0.00	0.16	0.18	0.18	0.19	0.00	0.19	0.19	0.32	
tur.27.3a	2022	2	27.3.a.20	Denmark	3494.00	L	R-Reported	GNS_DEF_>=220_0_0_all	106.00	106	0.00	123	0.00	3	0.00	0.00	0.17	0.00	0.85	1.52	1.86	1.69	2.39	2.94	5.95	1.60	1.34	0.53	0.00	0.53	8.83	11.42	5.71	11.42	0.00	0.00	2.85	2.85	0.00	1.69	0.00	1.69	5.07	0.00	0.00	1.69	0.00	0.00	0.00	0.00	0.72	0.00	0.72	0.00	0.72	0.00	
tur.27.3a	2022	1	27.3.a.20	Denmark	128.00	L	R-Reported	OTB_CRU_70-89_2_35_all	1.00	1	0.00	150	0.00	3	0.00	0.00	0.00	0.00	0.00	0.00	0.00	0.00	0.06	0.09	0.03	0.03	0.07	0.16	0.13	0.10	0.17	0.23	0.14	0.01	0.00	0.00	0.00	0.00	0.00	0.00	0.00	0.00	0.00	0.00	0.00	0.00	0.00	0.00	0.00	0.00	0.00	0.00	0.00	0.00	0.00	0.00	
