Mean weights at Lngt Lngt:
Stock	Year	 Season 	Area	 Country	Effort	Catch Cat.	Report cat.	 Fleets	Caton	SampledCatch	NumAgeMeasurement	NumLengthMeasurements	NumSamplesAge	NumSamplesLength	UndeterminedLngt70	UndeterminedLngt80	UndeterminedLngt90	UndeterminedLngt100	UndeterminedLngt110	UndeterminedLngt120	UndeterminedLngt130	UndeterminedLngt140	UndeterminedLngt150	UndeterminedLngt160	UndeterminedLngt170	UndeterminedLngt180	UndeterminedLngt190	UndeterminedLngt200	UndeterminedLngt210	UndeterminedLngt220	UndeterminedLngt230	UndeterminedLngt240	UndeterminedLngt250	UndeterminedLngt260	UndeterminedLngt270	UndeterminedLngt280	UndeterminedLngt290	UndeterminedLngt300	UndeterminedLngt310	UndeterminedLngt320	UndeterminedLngt330	UndeterminedLngt340	UndeterminedLngt350	UndeterminedLngt360	UndeterminedLngt370	UndeterminedLngt380	UndeterminedLngt390	UndeterminedLngt400	UndeterminedLngt410	UndeterminedLngt420	UndeterminedLngt430	UndeterminedLngt440	UndeterminedLngt450	UndeterminedLngt460	UndeterminedLngt470	UndeterminedLngt480	
whg.27.3a	2022	2	27.3.a.20	Sweden	216596.00	Discards	R-Reported	OTB_CRU_70-89_2_35_all	1139.08	0.00	0.00	42	0.00	3	0.00	0.00	0.00	0.00	0.00	0.00	0.00	20.06	24.85	30.35	36.62	43.72	51.70	60.61	70.51	81.45	93.48	106.67	121.06	136.71	153.68	172.02	0.00	0.00	0.00	0.00	0.00	0.00	0.00	0.00	0.00	0.00	0.00	0.00	0.00	0.00	0.00	0.00	0.00	0.00	0.00	0.00	
whg.27.3a	2022	3	27.3.a.21	Sweden	154471.00	Discards	R-Reported	OTB_CRU_90-119_0_0_all	5058.57	0.00	0.00	83	0.00	2	2.34	0.00	0.00	7.07	9.50	12.44	15.94	20.06	0.00	30.35	36.62	43.72	51.70	60.61	70.51	81.45	93.48	106.67	121.06	136.71	153.68	0.00	0.00	0.00	0.00	0.00	0.00	0.00	0.00	0.00	0.00	0.00	0.00	0.00	0.00	0.00	0.00	0.00	0.00	0.00	0.00	0.00	
whg.27.3a	2022	3	27.3.a.20	Sweden	247437.00	Discards	R-Reported	OTB_CRU_90-119_0_0_all	13272.48	0.00	0.00	190	0.00	4	2.34	3.54	5.10	7.07	9.50	12.44	15.94	20.06	0.00	30.35	36.62	43.72	51.70	60.61	70.51	81.45	93.48	106.67	121.06	136.71	153.68	172.02	191.78	213.04	235.83	260.22	286.27	314.03	0.00	0.00	0.00	0.00	480.49	0.00	0.00	0.00	0.00	0.00	0.00	0.00	0.00	0.00	
whg.27.3a	2022	4	27.3.a.21	Sweden	58992.00	Discards	R-Reported	OTB_CRU_70-89_2_35_all	411.87	0.00	0.00	34	0.00	2	0.00	0.00	0.00	0.00	0.00	12.44	0.00	20.06	0.00	0.00	36.62	43.72	51.70	60.61	70.51	81.45	93.48	106.67	121.06	136.71	153.68	172.02	191.78	0.00	0.00	0.00	0.00	0.00	0.00	0.00	0.00	0.00	0.00	0.00	0.00	0.00	0.00	0.00	0.00	0.00	0.00	0.00	
whg.27.3a	2022	2	27.3.a.21	Sweden	146827.00	Discards	R-Reported	OTB_CRU_90-119_0_0_all	4231.16	0.00	0.00	146	0.00	4	0.00	0.00	0.00	0.00	9.50	12.44	15.94	20.06	24.85	30.35	36.62	43.72	51.70	60.61	70.51	81.45	93.48	106.67	121.06	136.71	153.68	172.02	191.78	0.00	235.83	260.22	0.00	0.00	0.00	0.00	408.14	0.00	0.00	0.00	0.00	0.00	0.00	0.00	0.00	0.00	0.00	0.00	
whg.27.3a	2022	1	27.3.a.21	Sweden	48850.00	Discards	R-Reported	OTB_CRU_70-89_2_35_all	739.11	0.00	0.00	50	0.00	3	0.00	0.00	0.00	0.00	9.50	0.00	0.00	20.06	24.85	30.35	0.00	0.00	51.70	60.61	70.51	81.45	93.48	106.67	0.00	136.71	153.68	172.02	191.78	213.04	0.00	260.22	0.00	0.00	0.00	0.00	0.00	0.00	0.00	0.00	0.00	0.00	0.00	0.00	0.00	0.00	0.00	0.00	
whg.27.3a	2022	4	27.3.a.21	Denmark	-9.00	Landings	R-Reported	OTB_CRU_70-89_2_35_all	2.00	2	0.00	116	0.00	1	0.00	0.00	0.00	0.00	0.00	0.00	0.00	0.00	0.00	0.00	0.00	0.00	0.00	0.00	0.00	0.00	0.00	0.00	0.00	167.56	205.32	0.00	204.14	248.98	272.58	294.41	328.04	387.63	378.19	419.49	446.04	0.00	0.00	0.00	0.00	0.00	0.00	0.00	0.00	0.00	0.00	0.00	
whg.27.3a	2022	1	27.3.a.20	Denmark	-9.00	Landings	R-Reported	OTB_CRU_90-119_0_0_all	90036.00	90036	0.00	174	0.00	2	0.00	0.00	0.00	0.00	0.00	0.00	0.00	0.00	0.00	0.00	0.00	0.00	0.00	0.00	0.00	0.00	0.00	0.00	0.00	147.50	159.30	0.00	221.84	249.57	267.86	298.54	313.29	354.07	428.72	421.50	479.78	516.43	513.96	581.78	639.25	679.59	697.86	714.57	793.73	792.43	993.36	1050.20	
whg.27.3a	2022	4	27.3.a.20	Denmark	-9.00	Landings	R-Reported	SDN_DEF_>=120_0_0_all	453.00	453	0.00	236	0.00	2	0.00	0.00	0.00	0.00	0.00	0.00	0.00	0.00	0.00	0.00	0.00	0.00	0.00	0.00	0.00	0.00	0.00	0.00	0.00	147.50	159.30	0.00	221.84	249.57	267.86	321.25	342.23	367.86	402.92	425.29	555.43	504.42	527.81	637.44	665.31	676.21	715.73	743.72	743.22	788.46	952.70	1014.80	
whg.27.3a	2022	2	27.3.a.20	Denmark	-9.00	Discards	R-Reported	OTB_CRU_90-119_0_0_all	49361.00	49361	0.00	184	0.00	6	0.00	0.00	0.00	0.00	0.00	0.00	0.00	32.00	28.00	46.00	45.00	50.00	53.50	75.00	67.00	82.67	88.00	96.33	134.33	142.00	149.75	176.25	204.20	237.00	199.00	278.00	290.50	274.00	421.00	389.29	0.00	580.00	496.37	0.00	0.00	0.00	0.00	0.00	0.00	0.00	0.00	0.00	
whg.27.3a	2022	4	27.3.a.21	Denmark	-9.00	Discards	R-Reported	OTB_CRU_90-119_0_0_all	7797.00	7797	0.00	58	0.00	2	0.00	0.00	0.00	0.00	0.00	0.00	0.00	0.00	25.00	32.00	37.00	48.00	55.00	62.50	68.00	84.50	92.00	112.00	116.00	138.00	170.00	221.00	211.00	235.00	285.00	256.00	0.00	0.00	0.00	0.00	0.00	0.00	0.00	0.00	0.00	0.00	0.00	0.00	0.00	0.00	0.00	0.00	
whg.27.3a	2022	2	27.3.a.20	Sweden	216596.00	Landings	R-Reported	OTB_CRU_70-89_2_35_all	116.90	0.00	0.00	44	0.00	2	0.00	0.00	0.00	0.00	0.00	0.00	0.00	0.00	0.00	0.00	0.00	0.00	0.00	0.00	0.00	0.00	0.00	106.67	121.06	136.71	153.68	172.02	191.78	213.04	235.83	260.22	286.27	314.03	0.00	0.00	408.14	0.00	0.00	0.00	0.00	604.58	0.00	0.00	0.00	0.00	0.00	0.00	
whg.27.3a	2022	3	27.3.a.20	Sweden	247437.00	Landings	R-Reported	OTB_CRU_90-119_0_0_all	6946.70	0.00	0.00	67	0.00	2	0.00	0.00	0.00	0.00	0.00	0.00	0.00	0.00	0.00	0.00	0.00	0.00	0.00	0.00	0.00	0.00	0.00	0.00	0.00	0.00	0.00	0.00	191.78	213.04	235.83	260.22	286.27	314.03	343.55	0.00	408.14	0.00	0.00	519.72	0.00	0.00	0.00	0.00	0.00	0.00	0.00	0.00	
whg.27.3a	2022	4	27.3.a.21	Denmark	-9.00	Landings	R-Reported	OTB_CRU_90-119_0_0_all	270.00	270	0.00	116	0.00	1	0.00	0.00	0.00	0.00	0.00	0.00	0.00	0.00	0.00	0.00	0.00	0.00	0.00	0.00	0.00	0.00	0.00	0.00	0.00	167.56	205.32	0.00	204.14	248.98	272.58	294.50	328.17	387.29	378.72	419.65	476.51	513.07	524.56	603.27	641.61	680.26	701.92	753.86	768.92	840.64	956.50	1014.80	
whg.27.3a	2022	1	27.3.a.20	Denmark	18952.00	Landings	R-Reported	GNS_DEF_>=220_0_0_all	2.00	2	0.00	174	0.00	2	0.00	0.00	0.00	0.00	0.00	0.00	0.00	0.00	0.00	0.00	0.00	0.00	0.00	0.00	0.00	0.00	0.00	0.00	0.00	0.00	0.00	0.00	0.00	0.00	0.00	0.00	0.00	0.00	0.00	0.00	0.00	492.06	531.59	677.32	677.32	673.78	719.80	741.04	735.14	762.28	951.08	0.00	
whg.27.3a	2022	4	27.3.a.21	Denmark	-9.00	Landings	R-Reported	OTB_CRU_90-119_0_0_all_FDF	251.00	251	0.00	116	0.00	1	0.00	0.00	0.00	0.00	0.00	0.00	0.00	0.00	0.00	0.00	0.00	0.00	0.00	0.00	0.00	0.00	0.00	0.00	0.00	167.56	205.32	0.00	204.14	248.98	272.58	294.45	328.10	387.48	378.42	419.56	461.47	509.05	526.30	619.16	655.38	678.00	711.18	746.93	752.01	810.42	954.14	1014.80	
whg.27.3a	2022	2	27.3.a.21	Denmark	-9.00	Discards	R-Reported	OTB_CRU_90-119_0_0_all	9809.00	9809	0.00	326	0.00	11	0.00	0.00	5.92	0.00	0.00	0.00	17.83	22.27	31.00	32.33	35.00	50.00	48.00	64.50	72.80	95.75	104.29	124.00	115.00	144.00	164.67	188.67	175.00	251.00	0.00	265.67	0.00	0.00	0.00	0.00	0.00	0.00	0.00	0.00	0.00	0.00	0.00	0.00	0.00	0.00	0.00	0.00	
whg.27.3a	2022	1	27.3.a.20	Denmark	-9.00	Landings	R-Reported	SDN_DEF_>=120_0_0_all	4765.00	4765	0.00	174	0.00	2	0.00	0.00	0.00	0.00	0.00	0.00	0.00	0.00	0.00	0.00	0.00	0.00	0.00	0.00	0.00	0.00	0.00	0.00	0.00	147.50	159.30	0.00	221.84	249.57	267.86	298.54	313.29	364.45	428.37	426.21	486.99	511.31	521.16	595.71	657.31	675.85	708.47	725.23	767.99	777.60	978.80	1050.20	
whg.27.3a	2022	3	27.3.a.21	Denmark	-9.00	Discards	R-Reported	OTB_CRU_90-119_0_0_all_FDF	5350.00	5350	0.00	169	0.00	3	0.00	0.00	0.00	0.00	0.00	13.17	16.67	25.50	27.40	32.43	40.56	45.64	55.94	64.46	75.83	84.27	98.85	110.62	124.60	146.00	0.00	173.00	197.76	218.93	0.00	0.00	0.00	0.00	0.00	0.00	0.00	0.00	0.00	0.00	0.00	0.00	0.00	0.00	0.00	0.00	0.00	0.00	
whg.27.3a	2022	4	27.3.a.20	Denmark	-9.00	Discards	R-Reported	OTB_CRU_90-119_0_0_all	66901.00	66901	0.00	188	0.00	4	0.00	0.00	0.00	0.00	0.00	13.86	17.00	22.13	0.00	33.20	41.00	47.47	52.00	54.00	62.00	88.33	101.67	110.75	130.25	148.25	165.60	195.00	207.00	226.50	252.67	276.25	319.33	327.27	374.00	418.00	0.00	0.00	0.00	0.00	0.00	0.00	0.00	0.00	0.00	0.00	0.00	0.00	
whg.27.3a	2022	4	27.3.a.20	Sweden	189323.00	Discards	R-Reported	OTB_CRU_90-119_0_0_all	7238.42	0.00	0.00	130	0.00	3	0.00	0.00	0.00	7.07	0.00	12.44	15.94	20.06	24.85	30.35	36.62	43.72	51.70	60.61	70.51	81.45	93.48	106.67	121.06	0.00	153.68	172.02	191.78	213.04	235.83	260.22	286.27	314.03	343.55	374.90	408.14	0.00	0.00	0.00	0.00	0.00	0.00	0.00	0.00	0.00	0.00	0.00	
whg.27.3a	2022	4	27.3.a.20	Sweden	175128.00	Discards	R-Reported	OTB_CRU_70-89_2_35_all	13645.37	0.00	0.00	220	0.00	3	0.00	0.00	5.10	0.00	0.00	12.44	0.00	0.00	24.85	0.00	0.00	43.72	51.70	60.61	70.51	81.45	93.48	106.67	121.06	136.71	153.68	172.02	191.78	213.04	235.83	260.22	286.27	314.03	0.00	0.00	0.00	0.00	0.00	0.00	0.00	0.00	0.00	0.00	0.00	0.00	0.00	0.00	
whg.27.3a	2022	4	27.3.a.20	Denmark	18503.00	Landings	R-Reported	SSC_DEF_>=120_0_0_all	62.00	62	0.00	236	0.00	2	0.00	0.00	0.00	0.00	0.00	0.00	0.00	0.00	0.00	0.00	0.00	0.00	0.00	0.00	0.00	0.00	0.00	0.00	0.00	147.50	159.30	0.00	221.84	249.57	267.86	311.73	331.97	363.37	405.23	422.85	548.39	504.57	527.17	639.88	666.37	676.06	716.18	743.31	742.22	785.58	952.66	1014.80	
whg.27.3a	2022	4	27.3.a.20	Denmark	1.00	Landings	R-Reported	LLS_FIF_0_0_0_all	2.00	2	0.00	236	0.00	2	0.00	0.00	0.00	0.00	0.00	0.00	0.00	0.00	0.00	0.00	0.00	0.00	0.00	0.00	0.00	0.00	0.00	0.00	0.00	0.00	0.00	0.00	0.00	0.00	0.00	0.00	0.00	0.00	0.00	0.00	0.00	492.06	531.59	677.32	677.32	673.78	719.80	741.04	735.14	762.28	951.08	0.00	
whg.27.3a	2022	4	27.3.a.20	Denmark	-9.00	Landings	R-Reported	OTB_DEF_>=120_0_0_all	910.00	910	0.00	236	0.00	2	0.00	0.00	0.00	0.00	0.00	0.00	0.00	0.00	0.00	0.00	0.00	0.00	0.00	0.00	0.00	0.00	0.00	0.00	0.00	147.50	159.30	0.00	221.84	249.57	267.86	325.42	346.12	369.03	402.36	425.94	557.08	512.39	524.72	606.45	644.96	679.76	704.62	751.69	764.09	833.23	955.93	1014.80	
whg.27.3a	2022	4	27.3.a.21	Sweden	105777.00	Discards	R-Reported	OTB_CRU_90-119_0_0_all	5920.85	0.00	0.00	199	0.00	3	0.00	3.54	5.10	7.07	9.50	12.44	15.94	20.06	24.85	30.35	36.62	43.72	51.70	60.61	70.51	81.45	93.48	106.67	121.06	136.71	153.68	172.02	191.78	0.00	0.00	0.00	0.00	0.00	0.00	0.00	0.00	0.00	0.00	0.00	0.00	0.00	0.00	0.00	0.00	0.00	0.00	0.00	
whg.27.3a	2022	1	27.3.a.21	Sweden	96030.00	Discards	R-Reported	OTB_CRU_90-119_0_0_all	3021.84	0.00	0.00	72	0.00	2	0.00	0.00	0.00	0.00	9.50	0.00	15.94	0.00	24.85	30.35	36.62	43.72	51.70	60.61	70.51	81.45	93.48	106.67	121.06	136.71	153.68	172.02	0.00	0.00	0.00	0.00	0.00	0.00	0.00	0.00	0.00	0.00	0.00	0.00	0.00	0.00	0.00	0.00	0.00	0.00	0.00	0.00	
whg.27.3a	2022	1	27.3.a.20	Sweden	186773.00	Discards	R-Reported	OTB_CRU_90-119_0_0_all	10692.71	0.00	0.00	215	0.00	5	0.00	0.00	0.00	0.00	0.00	12.44	15.94	20.06	24.85	30.35	36.62	43.72	51.70	60.61	70.51	81.45	93.48	106.67	121.06	136.71	153.68	172.02	191.78	213.04	235.83	260.22	286.27	314.03	343.55	0.00	0.00	0.00	0.00	0.00	0.00	0.00	0.00	0.00	0.00	0.00	0.00	0.00	
whg.27.3a	2022	2	27.3.a.20	Sweden	224752.00	Discards	R-Reported	OTB_CRU_90-119_0_0_all	7481.42	0.00	0.00	85	0.00	2	0.00	0.00	0.00	0.00	0.00	0.00	0.00	20.06	0.00	0.00	36.62	43.72	0.00	60.61	70.51	81.45	93.48	106.67	121.06	136.71	153.68	172.02	191.78	213.04	235.83	0.00	0.00	0.00	0.00	0.00	0.00	0.00	0.00	0.00	0.00	0.00	0.00	0.00	0.00	0.00	0.00	0.00	
whg.27.3a	2022	1	27.3.a.20	Denmark	128.00	Landings	R-Reported	OTB_CRU_70-89_2_35_all	16.00	16	0.00	174	0.00	2	0.00	0.00	0.00	0.00	0.00	0.00	0.00	0.00	0.00	0.00	0.00	0.00	0.00	0.00	0.00	0.00	0.00	0.00	0.00	0.00	0.00	0.00	0.00	0.00	0.00	0.00	0.00	390.58	427.75	434.24	496.78	510.82	523.89	582.49	646.28	675.69	701.18	713.35	786.67	788.06	992.89	1050.20	
whg.27.3a	2022	4	27.3.a.20	Denmark	-9.00	Landings	R-Reported	OTB_CRU_90-119_0_0_all	47674.00	47674	0.00	236	0.00	2	0.00	0.00	0.00	0.00	0.00	0.00	0.00	0.00	0.00	0.00	0.00	0.00	0.00	0.00	0.00	0.00	0.00	0.00	0.00	147.50	159.30	0.00	221.84	249.57	267.86	304.46	322.44	355.46	410.17	418.76	532.46	516.33	517.27	602.70	641.09	681.26	701.86	750.61	768.44	839.93	958.12	1014.80	
whg.27.3a	2022	1	27.3.a.21	Denmark	-9.00	Discards	R-Reported	OTB_CRU_90-119_0_0_all	10987.00	10987	0.00	398	0.00	7	0.00	0.00	0.00	0.00	0.00	0.00	18.00	20.00	26.00	34.00	40.00	48.00	53.33	70.00	79.50	89.50	108.00	115.33	133.00	150.00	165.00	178.01	197.76	0.00	241.55	0.00	0.00	0.00	0.00	0.00	0.00	0.00	0.00	0.00	0.00	0.00	0.00	0.00	0.00	0.00	0.00	0.00	
whg.27.3a	2022	1	27.3.a.20	Sweden	186773.00	Landings	R-Reported	OTB_CRU_90-119_0_0_all	6243.20	0.00	0.00	200	0.00	3	0.00	0.00	0.00	0.00	0.00	0.00	0.00	0.00	0.00	0.00	0.00	0.00	0.00	0.00	0.00	0.00	0.00	106.67	121.06	136.71	153.68	172.02	191.78	213.04	235.83	260.22	286.27	314.03	343.55	374.90	408.14	443.31	480.49	519.72	561.06	604.58	0.00	0.00	0.00	0.00	0.00	0.00	
whg.27.3a	2022	2	27.3.a.20	Sweden	224752.00	Landings	R-Reported	OTB_CRU_90-119_0_0_all	2180.90	0.00	0.00	68	0.00	2	0.00	0.00	0.00	0.00	0.00	0.00	0.00	0.00	0.00	0.00	0.00	0.00	0.00	0.00	0.00	0.00	0.00	0.00	121.06	0.00	153.68	172.02	191.78	213.04	235.83	260.22	286.27	314.03	343.55	374.90	408.14	0.00	480.49	0.00	0.00	604.58	0.00	0.00	0.00	0.00	856.81	0.00	
whg.27.3a	2022	4	27.3.a.20	Sweden	200891.00	Discards	R-Reported	OTB_CRU_32-69_0_0_all	389.28	0.00	0.00	26	0.00	3	0.00	0.00	0.00	0.00	0.00	12.44	15.94	20.06	24.85	30.35	36.62	43.72	51.70	60.61	70.51	0.00	0.00	0.00	0.00	0.00	0.00	172.02	0.00	0.00	0.00	260.22	0.00	0.00	0.00	0.00	0.00	443.31	0.00	0.00	0.00	604.58	0.00	0.00	0.00	0.00	0.00	0.00	
whg.27.3a	2022	4	27.3.a.20	Denmark	21960.00	Landings	R-Reported	OTB_SPF_32-69_0_0_all	1244.00	1244	0.00	236	0.00	2	0.00	0.00	0.00	0.00	0.00	0.00	0.00	0.00	0.00	0.00	0.00	0.00	0.00	0.00	0.00	0.00	0.00	0.00	0.00	0.00	0.00	0.00	0.00	0.00	0.00	0.00	0.00	0.00	0.00	0.00	0.00	492.06	531.59	677.32	677.32	673.78	719.80	741.04	735.14	762.28	951.08	0.00	
whg.27.3a	2022	1	27.3.a.20	Denmark	-9.00	Landings	R-Reported	OTB_CRU_32-69_0_0_all	43.00	43	0.00	174	0.00	2	0.00	0.00	0.00	0.00	0.00	0.00	0.00	0.00	0.00	0.00	0.00	0.00	0.00	0.00	0.00	0.00	0.00	0.00	0.00	147.50	159.30	0.00	221.84	249.57	267.86	298.54	313.29	385.03	427.86	432.86	495.28	510.38	523.77	587.07	651.48	675.52	704.39	718.35	778.99	783.58	987.31	1050.20	
whg.27.3a	2022	1	27.3.a.20	Denmark	-9.00	Landings	R-Reported	OTB_DEF_>=120_0_0_all	4889.00	4889	0.00	174	0.00	2	0.00	0.00	0.00	0.00	0.00	0.00	0.00	0.00	0.00	0.00	0.00	0.00	0.00	0.00	0.00	0.00	0.00	0.00	0.00	147.50	159.30	0.00	221.84	249.57	267.86	298.54	313.29	380.25	427.96	431.56	493.80	513.76	521.27	572.28	623.26	677.78	687.22	694.35	815.45	807.59	1010.29	1050.20	
whg.27.3a	2022	4	27.3.a.20	Denmark	33444.00	Landings	R-Reported	GNS_DEF_120-219_0_0_all	6.00	6	0.00	236	0.00	2	0.00	0.00	0.00	0.00	0.00	0.00	0.00	0.00	0.00	0.00	0.00	0.00	0.00	0.00	0.00	0.00	0.00	0.00	0.00	147.50	159.30	0.00	221.84	249.57	267.86	303.78	321.46	354.24	411.06	418.15	529.46	519.78	512.68	587.54	617.12	685.75	658.27	769.16	848.42	902.11	964.93	1014.80	
whg.27.3a	2022	1	27.3.a.20	Denmark	1.00	Landings	R-Reported	LLS_FIF_0_0_0_all	4.00	4	0.00	174	0.00	2	0.00	0.00	0.00	0.00	0.00	0.00	0.00	0.00	0.00	0.00	0.00	0.00	0.00	0.00	0.00	0.00	0.00	0.00	0.00	147.50	159.30	0.00	221.84	249.57	267.86	298.54	313.29	350.31	428.87	419.46	476.22	519.02	508.74	573.55	615.60	686.29	678.76	701.46	837.21	826.00	1007.90	1050.20	
whg.27.3a	2022	3	27.3.a.21	Denmark	-9.00	Discards	R-Reported	OTB_CRU_90-119_0_0_all	16449.00	16449	0.00	824	0.00	19	11.00	4.00	6.00	7.00	11.00	13.17	16.67	25.50	27.40	32.43	40.56	45.64	55.94	64.46	75.83	84.27	98.85	110.62	124.60	146.00	168.67	173.00	0.00	0.00	262.00	0.00	297.00	0.00	0.00	0.00	0.00	0.00	0.00	0.00	0.00	0.00	0.00	0.00	0.00	0.00	0.00	0.00	
whg.27.3a	2022	3	27.3.a.20	Denmark	-9.00	Discards	R-Reported	OTB_CRU_90-119_0_0_all	20040.00	20040	0.00	319	0.00	9	0.00	4.05	6.00	9.00	0.00	0.00	17.67	22.13	27.29	32.00	46.00	42.00	56.00	58.00	77.00	102.00	111.33	180.00	120.67	178.00	212.00	188.67	232.00	223.81	248.00	253.00	304.00	362.67	0.00	404.00	420.00	0.00	0.00	0.00	0.00	0.00	0.00	0.00	0.00	0.00	0.00	0.00	
whg.27.3a	2022	3	27.3.a.20	Germany	47914.00	Discards	R-Reported	OTB_DEF_>=120_0_0_all	809.00	100	0.00	35	0.00	2	0.00	0.00	0.00	0.00	0.00	0.00	0.00	0.00	0.00	0.00	0.00	0.00	0.00	0.00	84.00	95.70	108.40	122.20	137.00	152.90	170.10	188.40	207.90	228.70	250.90	0.00	299.20	0.00	0.00	0.00	0.00	0.00	0.00	0.00	0.00	0.00	0.00	0.00	0.00	0.00	0.00	0.00	
whg.27.3a	2022	4	27.3.a.20	Denmark	5115.00	Landings	R-Reported	TBB_DEF_>=120_0_0_all	2.00	2	0.00	236	0.00	2	0.00	0.00	0.00	0.00	0.00	0.00	0.00	0.00	0.00	0.00	0.00	0.00	0.00	0.00	0.00	0.00	0.00	0.00	0.00	0.00	0.00	0.00	0.00	0.00	0.00	328.04	348.40	369.64	402.09	426.28	557.90	517.23	522.45	585.75	613.60	684.16	647.43	814.20	848.42	902.11	962.88	1014.80	
whg.27.3a	2022	4	27.3.a.20	Denmark	-9.00	Landings	R-Reported	OTB_CRU_32-69_0_0_all	5.00	5	0.00	236	0.00	2	0.00	0.00	0.00	0.00	0.00	0.00	0.00	0.00	0.00	0.00	0.00	0.00	0.00	0.00	0.00	0.00	0.00	0.00	0.00	147.50	159.30	0.00	221.84	249.57	267.86	300.05	315.76	344.09	420.20	413.29	495.68	516.12	511.19	621.64	657.62	679.11	713.22	742.63	745.44	794.55	956.32	1014.80	
whg.27.3a	2022	1	27.3.a.20	Denmark	32111.00	Landings	R-Reported	GNS_DEF_120-219_0_0_all	15.00	15	0.00	174	0.00	2	0.00	0.00	0.00	0.00	0.00	0.00	0.00	0.00	0.00	0.00	0.00	0.00	0.00	0.00	0.00	0.00	0.00	0.00	0.00	147.50	159.30	0.00	221.84	249.57	267.86	298.54	313.29	350.31	428.87	419.46	476.22	518.36	509.80	577.53	627.90	683.23	689.62	709.35	813.16	805.85	999.98	1050.20	
whg.27.3a	2022	2	27.3.a.21	Denmark	-9.00	Discards	R-Reported	OTB_CRU_90-119_0_0_all_FDF	3215.00	3215	0.00	64	0.00	3	0.00	0.00	0.00	0.00	0.00	0.00	0.00	0.00	31.00	32.33	35.00	50.00	48.00	64.50	72.80	95.75	104.29	124.00	115.00	144.00	164.67	188.67	175.00	251.00	219.00	0.00	0.00	0.00	0.00	0.00	0.00	0.00	0.00	0.00	0.00	0.00	0.00	0.00	0.00	0.00	0.00	0.00	
whg.27.3a	2022	1	27.3.a.20	Denmark	-9.00	Discards	R-Reported	OTB_CRU_90-119_0_0_all	129749.00	129749	0.00	716	0.00	8	0.00	0.00	0.00	0.00	0.00	0.00	0.00	24.00	25.00	29.00	35.50	41.50	57.00	61.75	74.50	85.50	93.17	101.67	123.71	146.88	168.25	194.83	205.10	220.36	260.09	273.38	280.11	332.00	386.40	370.00	406.67	400.00	520.00	540.00	0.00	0.00	0.00	0.00	0.00	0.00	0.00	0.00	
